sku	product-id	product-id-type	price	minimum-seller-allowed-price	maximum-seller-allowed-price	item-condition	quantity	add-delete	will-ship-internationally	expedited-shipping	item-note	fulfillment-center-id	merchant-shipping-group-name	product_tax_code
INC424	5028691381562	4	4.37			11	347	x	6	3INC425	5028691381579	4	3.25			11	98	x	6	3INC426	5028691381586	4	3.1			11	190	x	6	3INC423C	5028691381760	4	3.25			11	432	x	6	3IF204	5055071710001	4	9.58			11	244	a	6	3
NWBAG28	5055071712746	4	7.38			11	3700	a	6	3
NWBAG29	5055071712753	4	5.95			11	933	a	6	3
NWBAG30	5055071712760	4	3.04			11	2586	x	6	3NWBAG31	5055071712777	4	2.45			11	1592	x	6	3KEY59	5055071715426	4	2.75			11	445	a	6	3
CUSH117	5055071714993	4	8.38			11	3863	x	6	3CUSH118	5055071715006	4	8.5			11	2848	a	6	3
KEY56	5055071714641	4	8.18			11	4713	a	6	3
KEY57	5055071714665	4	8.18			11	549	a	6	3
TY584	5055071715013	4	2.31			11	68	x	6	3KEY48	5055071713422	4	2.4			11	4954	a	6	3
KEY49	5055071713439	4	2.24			11	2976	x	6	3SMUG102	5055071710865	4	8.96			11	181	a	6	3
CUP07	5055071713118	4	5.84			11	1762	x	6	3CUP10	5055071713149	4	6.51			11	1253	a	6	3
BOT02	5055071713224	4	6.0			11	2357	x	6	3BOT03	5055071713231	4	6.78			11	1987	a	6	3
BOT04	5055071713248	4	9.33			11	1602	a	6	3
LBAG01	5055071713040	4	5.99			11	2860	x	6	3LBAG02	5055071713057	4	5.09			11	2777	x	6	3INC424	5028691381562	4	4.37			11	347	x	6	3INC425	5028691381579	4	3.25			11	98	x	6	3INC426	5028691381586	4	3.1			11	190	x	6	3INC423C	5028691381760	4	3.25			11	432	x	6	3IF204	5055071710001	4	9.58			11	244	a	6	3
NWBAG28	5055071712746	4	7.38			11	3700	a	6	3
NWBAG29	5055071712753	4	5.95			11	933	a	6	3
NWBAG30	5055071712760	4	3.04			11	2586	x	6	3NWBAG31	5055071712777	4	2.45			11	1592	x	6	3KEY59	5055071715426	4	2.75			11	445	a	6	3
CUSH117	5055071714993	4	8.38			11	3863	x	6	3CUSH118	5055071715006	4	8.5			11	2848	a	6	3
KEY56	5055071714641	4	8.18			11	4713	a	6	3
KEY57	5055071714665	4	8.18			11	549	a	6	3
TY584	5055071715013	4	2.31			11	68	x	6	3KEY48	5055071713422	4	2.4			11	4954	a	6	3
KEY49	5055071713439	4	2.24			11	2976	x	6	3SMUG102	5055071710865	4	8.96			11	181	a	6	3
CUP07	5055071713118	4	5.84			11	1762	x	6	3CUP10	5055071713149	4	6.51			11	1253	a	6	3
BOT02	5055071713224	4	6.0			11	2357	x	6	3BOT03	5055071713231	4	6.78			11	1987	a	6	3
BOT04	5055071713248	4	9.33			11	1602	a	6	3
LBAG01	5055071713040	4	5.99			11	2860	x	6	3LBAG02	5055071713057	4	5.09			11	2777	x	6	3