sku	product-id	product-id-type	price	minimum-seller-allowed-price	maximum-seller-allowed-price	item-condition	quantity	add-delete	will-ship-internationally	expedited-shipping	item-note	fulfillment-center-id	merchant-shipping-group-name	product_tax_code
TY554	5055071707315	4	4.54			11	1360	x	6	3PILL07	5055071713859	4	6.12			11	2376	a	6	3
PILL06	5055071713842	4	6.18			11	1950	a	6	3
PEG11	5055071691058	4	2.38			11	2792	a	6	3
POLK26	5055071691133	4	2.38			11	834	a	6	3
CHE60E	5055071690792	4	6.38			11	478	x	6	3CHE60G	5055071690808	4	8.72			11	413	a	6	3
FY409	5055071690754	4	3.48			11	783	x	6	3SMUG20	5055071687723	4	7.14			11	336	x	6	3SMUG21	5055071687730	4	5.49			11	2069	x	6	3SMUG22	5055071687747	4	5.47			11	1954	x	6	3SMUG23	5055071687754	4	5.09			11	1715	x	6	3SMUG27	5055071687792	4	4.99			11	573	x	6	3CKP85	5055071686849	4	9.99			11	60	x	6	3TY515	5055071690884	4	5.41			11	1394	x	6	3DRG325	5055071692635	4	12.79			11	178	a	6	3
FRG35	5055071692161	4	8.98			11	273	x	6	3MULP28	5055071697654	4	5.47			11	2169	x	6	3ROMA01	5055071692208	4	4.24			11	533	x	6	3ROMA02	5055071692215	4	7.54			11	165	a	6	3
ROMA05	5055071692246	4	8.86			11	577	a	6	3
ROMA09	5055071692284	4	13.85			11	439	a	6	3
KEY16	5055071691829	4	2.84			11	1058	a	6	3
KEY18	5055071691843	4	2.17			11	3527	x	6	3KEY19	5055071692581	4	2.02			11	4520	x	6	3